次韵賀左侍郎林桂子 [[541, 246], [1433, 244], [1434, 333], [542, 334]]
阮公派致仕 [[743, 391], [1241, 389], [1242, 463], [744, 466]]
青林士望竹林賢 [[716, 524], [1267, 523], [1268, 599], [717, 600]]
錦里旋車契夙緣 [[722, 640], [1277, 639], [1278, 717], [723, 718]]
花縣鳴琴名著始 [[724, 756], [1280, 755], [1281, 831], [725, 832]]
春宮德選居先 [[718, 872], [1280, 869], [1281, 945], [719, 948]]
性情樂我閒中趣 [[728, 988], [1284, 987], [1285, 1064], [729, 1066]]
幾事饒他物外遷 [[731, 1103], [1285, 1100], [1286, 1180], [732, 1181]]
想得此回真樂處 [[726, 1216], [1292, 1214], [1294, 1299], [728, 1301]]
旅餚朋酒會高年 [[731, 1335], [1291, 1332], [1292, 1416], [732, 1417]]
