使北述懷和正使天姥 [[528, 316], [1439, 312], [1441, 409], [530, 411]]
阮棠軒韵 [[797, 457], [1190, 455], [1192, 547], [799, 549]]
言語文章愧聖科 [[715, 598], [1282, 597], [1283, 674], [716, 677]]
有緣聯轡賦皇華 [[715, 714], [1281, 712], [1283, 792], [717, 796]]
迢迢周道披青嶂 [[716, 830], [1286, 829], [1287, 906], [717, 909]]
泛泛平江帖綠波 [[720, 950], [1288, 947], [1289, 1020], [721, 1023]]
拜手虔將三歲幣 [[717, 1063], [1287, 1062], [1288, 1140], [718, 1141]]
回頭凝望五雲車 [[732, 1179], [1289, 1178], [1290, 1254], [733, 1256]]
錫軿共沐天恩寵 [[722, 1298], [1296, 1296], [1297, 1375], [723, 1376]]
忠孝雙肩矢靡他 [[732, 1410], [1298, 1409], [1299, 1486], [733, 1489]]
