使北述懷和乙部正使 [[536, 711], [1449, 710], [1450, 805], [537, 807]]
阮棠軒韻 [[802, 859], [1198, 858], [1199, 946], [803, 947]]
明時遭際玷儒科 [[685, 998], [1246, 997], [1247, 1073], [686, 1074]]
剩喜同時奉使華 [[681, 1114], [1250, 1113], [1251, 1194], [682, 1195]]
豈有文章騰鳳彩 [[684, 1229], [1253, 1228], [1254, 1307], [685, 1309]]
全憑忠信帖鯨波 [[679, 1350], [1255, 1349], [1256, 1422], [680, 1424]]
梅橋柳岸香千斛 [[684, 1463], [1256, 1462], [1257, 1542], [685, 1543]]
雪驛風亭酒一車 [[684, 1576], [1256, 1575], [1257, 1653], [685, 1654]]
協贊巖廊相與勉 [[695, 1696], [1259, 1695], [1260, 1775], [696, 1776]]
致君堯舜道無他 [[688, 1809], [1258, 1808], [1259, 1892], [689, 1893]]
