掖庭乘羊車賦 [[730, 280], [1340, 280], [1340, 366], [730, 366]]
魏狐跡斂晉馬符徵特地之虎文日炳 [[308, 418], [1771, 418], [1771, 493], [308, 493]]
御天之龍位時乘掖庭羊車極人間 [[392, 534], [1766, 534], [1766, 610], [392, 609]]
之樂大操鳳曆期天保之升恆時 [[302, 653], [1770, 653], [1770, 727], [302, 727]]
其鯨帖吳江牛歸周野外患清逐鹿之 [[303, 769], [1774, 769], [1774, 848], [303, 848]]
塵內嬖重沉魚之價珠宮粉黛選中 [[307, 888], [1763, 888], [1763, 966], [307, 965]]
之如意五千金屋天嬌貯裏之可人萬 [[301, 1006], [1764, 1006], [1764, 1083], [301, 1083]]
箇帝於是鍾情一物適志兩輪幽 [[309, 1122], [1764, 1122], [1764, 1199], [309, 1199]]
遂之肥饒得肆送迎之輦駕維群椒塗 [[298, 1238], [1762, 1238], [1762, 1318], [298, 1318]]
鱗次鸞房半掩之紗窗隱約檀製鴈行 [[295, 1354], [1770, 1354], [1770, 1436], [295, 1436]]
帝轡恣行之轍跡繽紛邂逅便為寢處 [[304, 1471], [1765, 1472], [1764, 1555], [303, 1554]]
風流勝似閒身莫不玩愒光陰徘 [[402, 1592], [1765, 1593], [1765, 1667], [402, 1667]]
徊枕席鶴鳴疏燈光寒龜淫而巫夢 [[302, 1707], [1762, 1707], [1762, 1784], [302, 1784]]
窄自適可南可北燕閒思無限之春 [[303, 1824], [1676, 1824], [1676, 1901], [303, 1901]]
寧知誰誰鹽媒引付有情之客孚八 [[302, 1941], [1766, 1941], [1766, 2020], [302, 2020]]
有自奉之繁花曠千古無傳之禁掖曾 [[300, 2056], [1752, 2056], [1752, 2136], [300, 2136]]
不思女戎敗國色陣傷生六嬖只為 [[304, 2175], [1758, 2175], [1757, 2256], [303, 2256]]
鴆毒三妃卻重雞鳴與其酣漢妃嬪虎 [[302, 2291], [1760, 2292], [1760, 2371], [302, 2371]]
賁作黑蛇之鬼孰若捐秦宮女苗傳延 [[301, 2408], [1759, 2408], [1759, 2485], [301, 2485]]
