唯循商之得路固物我之有窮 [[321, 280], [1390, 280], [1390, 350], [321, 350]]
願托蹤於茫渺庶無情於窮通 [[319, 395], [1393, 395], [1393, 466], [319, 466]]
佇知遺庶老作漁翁 [[320, 509], [1056, 508], [1056, 583], [320, 583]]
於是 [[322, 632], [481, 632], [481, 694], [322, 694]]
介釣具拂蓑笠 [[319, 745], [896, 745], [896, 815], [319, 815]]
扁輕舟事蒿蓬 [[326, 860], [889, 860], [889, 936], [326, 936]]
漁經茶灶酒甕詩筒 [[321, 978], [1058, 978], [1058, 1052], [321, 1052]]
用備應事穩逐征風 [[334, 1097], [1069, 1097], [1069, 1166], [334, 1166]]
趁潮波之成務任晨昏以勤工 [[326, 1212], [1392, 1212], [1392, 1283], [326, 1283]]
賭涓流而泛濫的檣滸之沖融 [[317, 1323], [1395, 1323], [1395, 1399], [317, 1399]]
一竿長預閒釣此中 [[330, 1445], [1057, 1445], [1057, 1511], [330, 1511]]
爾乃 [[331, 1561], [470, 1560], [471, 1623], [332, 1624]]
粘香餌兮拋輕繭沉新月兮横帝蝀 [[329, 1675], [1566, 1675], [1566, 1745], [329, 1745]]
一縷纔垂萬波隨動 [[330, 1791], [1067, 1791], [1067, 1861], [330, 1861]]
玉簇彙圓綃皺風弄 [[328, 1907], [1065, 1907], [1065, 1977], [328, 1977]]
倚楫兮沉吟隨機兮挽控 [[324, 2020], [1233, 2020], [1233, 2095], [324, 2095]]
吾非食而多求物因貪而自送 [[327, 2136], [1393, 2136], [1393, 2207], [327, 2207]]
借此消彼怡怡空空 [[324, 2253], [1062, 2253], [1062, 2318], [324, 2318]]
至於 [[328, 2372], [490, 2373], [490, 2432], [328, 2431]]
