次韵賀大理寺卿銳嶺男 [[544, 251], [1504, 252], [1502, 354], [542, 353]]
段俊和致仕 [[789, 400], [1270, 401], [1269, 481], [788, 479]]
記得休閒勝散仙 [[761, 535], [1307, 537], [1306, 609], [760, 607]]
野情高達五雲天 [[762, 654], [1304, 655], [1303, 726], [761, 725]]
早知膂力先幾請 [[759, 767], [1309, 768], [1309, 841], [759, 841]]
肯俟朝廷寵詔宣 [[759, 888], [1303, 888], [1303, 960], [759, 960]]
天德春晴漁唱徹 [[761, 1004], [1309, 1004], [1309, 1073], [761, 1073]]
爛柯晝暖局收全 [[765, 1121], [1309, 1121], [1309, 1187], [765, 1187]]
公歸何事與人異 [[765, 1232], [1305, 1232], [1305, 1303], [765, 1303]]
考禮從來多八千 [[758, 1347], [1307, 1346], [1308, 1420], [759, 1421]]
