東朝鮮國使俞集一李世瑾 [[358, 396], [1464, 391], [1466, 497], [360, 499]]
其三 [[843, 546], [992, 545], [993, 613], [844, 614]]
聞道東韓宅海陬 [[645, 655], [1204, 654], [1205, 731], [646, 732]]
風都山下漢江頭 [[639, 778], [1206, 777], [1207, 848], [640, 849]]
文章風骨追三代 [[642, 895], [1205, 893], [1206, 965], [643, 967]]
義理淵源續九疇 [[641, 1007], [1207, 1006], [1208, 1082], [642, 1084]]
杭酒祛寒春色暖 [[647, 1125], [1212, 1124], [1213, 1196], [648, 1197]]
麻衣蔽體雪花浮 [[648, 1241], [1213, 1240], [1214, 1315], [649, 1317]]
即今波帖東南久 [[652, 1359], [1220, 1359], [1220, 1429], [652, 1429]]
共北年年職貢修 [[652, 1474], [1224, 1473], [1225, 1549], [653, 1550]]
