皇華十詠 [[699, 439], [1198, 438], [1199, 550], [700, 551]]
武昌佳景 [[757, 614], [1146, 612], [1148, 699], [759, 707]]
大江空闊曬斜陽 [[640, 873], [1204, 869], [1206, 952], [642, 956]]
湖北名城屹武昌 [[643, 991], [1200, 987], [1202, 1068], [645, 1072]]
雲洞龍床千載月 [[647, 1103], [1201, 1102], [1203, 1186], [649, 1188]]
鶴樓松閣四時香 [[646, 1218], [1223, 1215], [1225, 1301], [648, 1303]]
風飛赤壁人安在 [[650, 1337], [1222, 1335], [1224, 1417], [652, 1419]]
雨過紅山夢自涼 [[660, 1450], [1222, 1448], [1224, 1528], [662, 1532]]
多少英雄歌舞客 [[665, 1567], [1227, 1565], [1229, 1648], [667, 1652]]
晴川芳草兩茫茫 [[661, 1687], [1226, 1684], [1228, 1761], [663, 1764]]
