次韻賀國老廉郡公 [[604, 542], [1389, 542], [1389, 627], [604, 627]]
阮貴德致仕 [[754, 683], [1243, 683], [1243, 769], [754, 769]]
兩朝勳茂世重熙 [[725, 825], [1277, 825], [1277, 891], [725, 891]]
雅興煙花便拂衣 [[718, 939], [1282, 939], [1282, 1007], [718, 1007]]
北演綸遺克肖 [[720, 1055], [1270, 1054], [1271, 1126], [721, 1127]]
西村散髮覓相知 [[723, 1170], [1282, 1170], [1282, 1238], [723, 1238]]
頤神丙枕無宵柝 [[722, 1282], [1282, 1281], [1283, 1355], [723, 1356]]
濯足秋塘有月磯 [[722, 1399], [1286, 1399], [1286, 1471], [722, 1472]]
宅揆再次來日事 [[721, 1512], [1279, 1512], [1279, 1585], [721, 1585]]
司空寧可讓夔 [[726, 1629], [1280, 1629], [1280, 1697], [726, 1697]]
