奉命往勘下葛界堤路 [[546, 1366], [1445, 1364], [1447, 1467], [548, 1472]]
留勉二司官 [[769, 1488], [1240, 1486], [1242, 1578], [771, 1580]]
東井分司水勢昌 [[730, 1597], [1273, 1596], [1275, 1672], [732, 1679]]
堤防難可敵懷襄 [[732, 1698], [1284, 1696], [1286, 1778], [734, 1782]]
平居野子傕登閣 [[732, 1803], [1280, 1802], [1282, 1877], [734, 1879]]
食力田家委望洋 [[730, 1901], [1278, 1896], [1280, 1981], [732, 1984]]
百姓何辜遭墊溺 [[737, 2000], [1286, 1998], [1288, 2077], [739, 2082]]
九重有意切思量 [[739, 2104], [1289, 2102], [1291, 2181], [741, 2186]]
澤民本是吾儒事 [[740, 2201], [1291, 2199], [1293, 2282], [742, 2287]]
擬遇橫流一方 [[738, 2311], [1288, 2308], [1289, 2383], [740, 2385]]
