重九後四日與阮尚書會鄧少 [[338, 239], [1545, 236], [1546, 340], [339, 343]]
傅家小酌歸家賦一律呈二公 [[342, 383], [1552, 382], [1553, 480], [343, 482]]
書靜秋高暑氣清 [[669, 527], [1241, 526], [1241, 602], [669, 602]]
偷閒小酌敘交情 [[671, 645], [1248, 643], [1249, 719], [672, 721]]
琢磨道義金蘭重 [[674, 762], [1243, 762], [1243, 836], [674, 837]]
梔蠟言辭草界輕 [[676, 877], [1250, 876], [1251, 955], [677, 956]]
籬菊為黃香淡淡 [[681, 999], [1250, 997], [1251, 1072], [682, 1073]]
庭禽和韵語瀴瀴 [[680, 1112], [1249, 1111], [1250, 1188], [681, 1189]]
舉杯相贈還相笑 [[683, 1230], [1250, 1229], [1251, 1298], [684, 1299]]
契願誰能揣得明 [[687, 1348], [1251, 1347], [1252, 1419], [688, 1420]]
