餞大清使程芳朝 [[668, 278], [1363, 280], [1361, 377], [666, 375]]
其三 [[948, 426], [1082, 427], [1081, 487], [947, 486]]
習習東風送客軺 [[739, 512], [1294, 515], [1293, 592], [738, 591]]
鵬程九萬快扶搖 [[730, 615], [1293, 618], [1292, 693], [729, 690]]
雲邊彩鳳啣丹詔 [[735, 715], [1287, 716], [1286, 793], [734, 792]]
日下龍旌映紫霄 [[737, 817], [1281, 820], [1280, 895], [736, 892]]
薏苡肯教生貝錦 [[730, 921], [1285, 923], [1284, 998], [729, 997]]
檳榔應可引紅潮 [[727, 1022], [1279, 1025], [1278, 1100], [726, 1097]]
歸來條奏南交事 [[720, 1123], [1278, 1125], [1277, 1201], [719, 1200]]
願道人人順帝堯 [[720, 1223], [1274, 1224], [1273, 1304], [719, 1302]]
