次韵賀國老芳郡公 [[556, 438], [1354, 436], [1355, 528], [557, 529]]
武惟志致仕 [[706, 579], [1200, 577], [1201, 664], [707, 665]]
斗台偉望聳朝班 [[628, 717], [1198, 716], [1199, 796], [629, 797]]
得謝今蒙爵寵頒 [[633, 836], [1202, 835], [1203, 913], [634, 914]]
燠館涼臺無限樂 [[634, 954], [1204, 953], [1205, 1029], [635, 1030]]
清風明月有餘閒 [[633, 1067], [1202, 1066], [1203, 1140], [634, 1142]]
午橋趣興隨吟詠 [[638, 1187], [1212, 1185], [1213, 1259], [639, 1260]]
東路車乘任往還 [[637, 1300], [1205, 1299], [1206, 1373], [638, 1374]]
賢業佇看孫子繼 [[639, 1415], [1208, 1414], [1208, 1487], [639, 1487]]
龍門堂集滿香山 [[640, 1530], [1202, 1528], [1203, 1603], [641, 1605]]
