詠文廟詩 [[793, 1537], [1186, 1534], [1189, 1631], [796, 1634]]
其一 [[920, 1659], [1067, 1655], [1069, 1722], [922, 1726]]
上述唐虞契一中 [[674, 1745], [1231, 1743], [1234, 1832], [677, 1837]]
浩然殿宇正穹崇 [[675, 1845], [1239, 1843], [1241, 1929], [677, 1934]]
光輝盛德瞻依共 [[682, 1948], [1247, 1946], [1249, 2027], [684, 2032]]
洋溢和聲鼓舞同 [[682, 2040], [1248, 2038], [1251, 2124], [685, 2130]]
統攝人心凝至道 [[690, 2143], [1255, 2138], [1257, 2220], [692, 2226]]
綱維國體顯豐功 [[696, 2241], [1256, 2239], [1258, 2319], [698, 2321]]
巍巍直與堪輿並 [[695, 2339], [1262, 2337], [1264, 2420], [697, 2425]]
九有群方仰教風 [[697, 2435], [1267, 2433], [1269, 2515], [699, 2517]]
