屯營望月憶友 [[715, 1157], [1298, 1155], [1300, 1251], [717, 1252]]
其一 [[939, 1301], [1074, 1300], [1075, 1367], [940, 1368]]
我旃自笑老堪支 [[733, 1412], [1288, 1411], [1289, 1488], [734, 1489]]
凝望空動我思 [[735, 1528], [1289, 1527], [1290, 1601], [736, 1604]]
萬里江山明似畫 [[739, 1641], [1290, 1640], [1291, 1718], [740, 1720]]
一生情緒亂如絲 [[731, 1755], [1295, 1753], [1297, 1832], [733, 1836]]
筍尖未厭環營槊 [[742, 1870], [1294, 1869], [1295, 1948], [743, 1950]]
蕉葉如傕上將旗 [[739, 1989], [1301, 1988], [1302, 2065], [740, 2066]]
疆場早完金革事 [[740, 2099], [1301, 2098], [1303, 2179], [742, 2182]]
鳳凰高穩碧梧枝 [[742, 2216], [1307, 2215], [1308, 2293], [743, 2296]]
