次韻賀國老廉郡公 [[656, 326], [1448, 326], [1448, 410], [656, 410]]
阮貴德致仕 [[802, 468], [1308, 467], [1308, 552], [802, 554]]
趨翔廊廟快攀龍 [[774, 607], [1346, 606], [1346, 684], [774, 684]]
夙夜孜孜念在公 [[774, 726], [1340, 726], [1340, 795], [774, 796]]
漢閣奎文經潤色 [[776, 844], [1338, 843], [1338, 912], [776, 912]]
周庭袞職任彌縫 [[780, 962], [1345, 961], [1345, 1032], [780, 1032]]
累朝弼亮堅金節 [[782, 1077], [1343, 1077], [1343, 1148], [782, 1149]]
四紀勤勞展素衷 [[785, 1192], [1344, 1192], [1344, 1265], [785, 1265]]
七衷于今榮得謝 [[776, 1307], [1347, 1306], [1348, 1381], [777, 1382]]
洪私優渥疊恩封 [[783, 1428], [1349, 1427], [1350, 1501], [784, 1502]]
