次韻賀戶部左侍郎 [[585, 280], [1374, 279], [1374, 368], [585, 368]]
阮公派致仕 [[736, 430], [1232, 430], [1232, 500], [736, 500]]
生逢堯世廣賢 [[660, 561], [1225, 562], [1224, 639], [659, 638]]
會上雲龍契夙緣 [[645, 680], [1231, 680], [1231, 749], [645, 749]]
講學擬隆惟德後 [[653, 797], [1231, 797], [1231, 868], [653, 868]]
正君務引作恭先 [[653, 915], [1226, 915], [1226, 984], [653, 984]]
功成大有名高位 [[658, 1032], [1228, 1032], [1228, 1100], [658, 1100]]
爵與中孚序疊遷 [[656, 1147], [1224, 1147], [1224, 1219], [656, 1219]]
為道尚書平格壽 [[656, 1262], [1226, 1262], [1226, 1335], [656, 1335]]
我公年亦太公年 [[652, 1378], [1223, 1378], [1223, 1444], [652, 1444]]
