次韵駕右侍郎桂海侯 [[558, 388], [1450, 387], [1451, 477], [559, 478]]
黎仕徹致仕 [[760, 534], [1262, 534], [1262, 619], [760, 619]]
也曾忠愛祐王家 [[724, 672], [1295, 670], [1296, 747], [725, 749]]
謝事如今荷寵嘉 [[728, 788], [1296, 787], [1297, 865], [729, 866]]
榮逸高希前輩躅 [[732, 908], [1299, 907], [1300, 981], [733, 982]]
忠勤遠古君牙 [[733, 1027], [1294, 1026], [1295, 1099], [734, 1100]]
童時釣瀨重舖簟 [[737, 1142], [1297, 1141], [1298, 1218], [738, 1219]]
耆會村筵屢命車 [[735, 1256], [1301, 1256], [1301, 1333], [735, 1333]]
益算何煩芝草覓 [[738, 1372], [1304, 1371], [1305, 1445], [739, 1446]]
好看庭桂競芳花 [[738, 1491], [1306, 1491], [1306, 1560], [738, 1561]]
