次韵賀國老芳郡公武惟志 [[428, 309], [1501, 310], [1500, 404], [427, 402]]
致仕 [[879, 462], [1064, 462], [1064, 533], [879, 533]]
調元妙手晉台班 [[695, 594], [1251, 594], [1251, 661], [695, 661]]
禮重懸車荷寵頒 [[699, 710], [1248, 710], [1248, 780], [699, 780]]
小小壺中棋局穩 [[701, 828], [1248, 828], [1248, 898], [701, 898]]
休休亭外酒杯閒 [[694, 941], [1243, 941], [1243, 1008], [694, 1008]]
分鄉日共衣冠會 [[700, 1057], [1253, 1057], [1253, 1129], [700, 1129]]
洛社春隨杖履還 [[701, 1173], [1252, 1172], [1253, 1243], [702, 1244]]
千古題談誰兩擅 [[699, 1286], [1251, 1285], [1252, 1358], [700, 1359]]
燕山芳譽又香山 [[703, 1404], [1248, 1403], [1248, 1474], [703, 1475]]
