次韻賀參從戶部尚書 [[500, 598], [1394, 594], [1396, 699], [502, 701]]
慶山侯阮世播致仕 [[546, 743], [1351, 738], [1353, 842], [548, 845]]
達尊品望邁尋常 [[633, 886], [1200, 882], [1202, 967], [635, 969]]
歷踐華途疊寵章 [[641, 999], [1200, 998], [1202, 1081], [643, 1083]]
臣敬臣勤時篤棐 [[651, 1117], [1206, 1115], [1208, 1198], [653, 1200]]
聖謨聖德日宣揚 [[646, 1233], [1213, 1229], [1215, 1311], [648, 1313]]
洪恩厚錫欽楓陛 [[656, 1348], [1217, 1346], [1219, 1425], [658, 1429]]
苗裔長留甲錦鄉 [[657, 1461], [1215, 1459], [1217, 1542], [659, 1546]]
靜重也知仁者壽 [[651, 1573], [1221, 1571], [1223, 1657], [653, 1659]]
問年呂尚亦相方 [[659, 1691], [1218, 1689], [1220, 1768], [661, 1769]]
