次韵賀戶部左侍郎派男 [[493, 318], [1468, 317], [1469, 407], [494, 408]]
吳珪致仕 [[798, 465], [1182, 464], [1182, 544], [798, 544]]
名立功成自有緣 [[719, 600], [1269, 598], [1270, 671], [720, 672]]
休閒此日養高年 [[712, 714], [1271, 714], [1271, 786], [712, 786]]
彤庭得請蒙新寵 [[717, 831], [1278, 829], [1279, 909], [718, 910]]
綠野頤閒擬昔賢 [[725, 948], [1274, 945], [1275, 1020], [726, 1023]]
堂會耆英杯屢酌 [[726, 1062], [1274, 1061], [1275, 1140], [727, 1141]]
門無俗客榻寧懸 [[735, 1175], [1278, 1174], [1279, 1255], [736, 1256]]
書香更喜兒孫繼 [[728, 1296], [1279, 1294], [1280, 1370], [729, 1372]]
景福應知介自天 [[729, 1409], [1283, 1407], [1285, 1483], [731, 1487]]
