東朝鮮國使俞集一李世瑾 [[384, 271], [1487, 266], [1489, 373], [386, 375]]
其二 [[866, 421], [1020, 419], [1021, 489], [867, 491]]
地各東南海際居 [[658, 532], [1233, 531], [1234, 607], [659, 608]]
計程一萬又零餘 [[663, 649], [1236, 648], [1237, 722], [664, 723]]
威儀共秉周家禮 [[667, 767], [1235, 763], [1236, 841], [668, 844]]
學問同尊孔氏書 [[669, 881], [1225, 880], [1226, 956], [670, 958]]
好把文章通肯綮 [[673, 1000], [1234, 999], [1235, 1072], [674, 1073]]
休論溫飽渡居諸 [[670, 1117], [1241, 1116], [1242, 1191], [671, 1192]]
使軺云返重相憶 [[673, 1235], [1243, 1234], [1244, 1309], [674, 1310]]
在子安知不我如 [[672, 1348], [1244, 1347], [1245, 1420], [673, 1421]]
