秋葉秋宵惱客程 [[667, 226], [1226, 226], [1226, 293], [667, 293]]
讀雅已除苞杞句 [[665, 340], [1214, 340], [1214, 407], [665, 407]]
臨風莫狀倚閭情 [[671, 454], [1230, 453], [1231, 525], [672, 526]]
私情公義誠難兩 [[674, 568], [1225, 567], [1226, 640], [675, 641]]
子道晨昏臣鞅掌 [[672, 682], [1222, 681], [1223, 755], [673, 756]]
弧矢懸門生我初 [[673, 799], [1225, 798], [1226, 872], [674, 873]]
斗升干祿為親養 [[676, 914], [1231, 913], [1232, 988], [677, 989]]
忠臣方是孝親兒 [[679, 1030], [1233, 1029], [1234, 1105], [680, 1107]]
全賴宸猷仗國威 [[675, 1147], [1233, 1145], [1234, 1222], [676, 1224]]
濟事庶幾歌四牡 [[676, 1258], [1237, 1257], [1238, 1340], [677, 1343]]
娛親何幸舞斑衣 [[676, 1374], [1243, 1372], [1245, 1453], [678, 1455]]
目今猶作他鄉客 [[688, 1489], [1238, 1488], [1239, 1564], [689, 1565]]
睡覺蓬窗東已白 [[681, 1605], [1231, 1604], [1232, 1682], [682, 1684]]
聊用書懷賦一篇 [[679, 1723], [1238, 1720], [1239, 1799], [680, 1801]]
不嫌糟粕抒幽賾 [[685, 1835], [1235, 1834], [1236, 1912], [686, 1915]]
