致仕簡同朝 [[755, 810], [1241, 809], [1242, 896], [756, 898]]
其二 [[934, 953], [1068, 952], [1069, 1013], [935, 1014]]
高深德未報涓埃 [[725, 1042], [1284, 1041], [1285, 1114], [726, 1115]]
荏苒那知歲月催 [[722, 1141], [1284, 1140], [1285, 1211], [723, 1213]]
蜜勿昔曾陪翠幄 [[728, 1238], [1282, 1237], [1283, 1317], [729, 1318]]
逍遙今已戀涼薹 [[728, 1344], [1286, 1343], [1287, 1416], [729, 1417]]
洞中自樂琴三弄 [[732, 1445], [1288, 1445], [1288, 1514], [732, 1515]]
花下閒吟酒一杯 [[728, 1544], [1288, 1542], [1289, 1614], [729, 1615]]
清夜有時辰所望 [[726, 1643], [1282, 1642], [1283, 1713], [727, 1715]]
鳳城如昨午門開 [[730, 1747], [1288, 1747], [1289, 1817], [731, 1818]]
