東朝鮮國使俞集一李世瑾 [[385, 326], [1493, 320], [1495, 430], [387, 432]]
其一 [[874, 476], [1023, 475], [1023, 541], [874, 542]]
滄海揚塵幾度三 [[672, 586], [1234, 585], [1235, 662], [673, 664]]
炎邦自昔宅郊南 [[673, 702], [1237, 701], [1238, 781], [674, 782]]
六經以外無他道 [[676, 821], [1242, 820], [1243, 896], [677, 897]]
一歲之中熟八蠶 [[679, 935], [1240, 934], [1241, 1010], [680, 1011]]
萬戶魚鹽常給足 [[683, 1053], [1247, 1052], [1248, 1129], [684, 1131]]
四時花草共敷覃 [[691, 1168], [1246, 1167], [1247, 1241], [692, 1243]]
歸來宣室如前席 [[680, 1284], [1251, 1283], [1252, 1357], [681, 1358]]
似與觀風助一談 [[691, 1405], [1256, 1405], [1256, 1474], [691, 1474]]
