溪口湖平海頭光漭 [[370, 291], [1088, 291], [1088, 357], [370, 357]]
煙波到處盡屬清爽 [[373, 405], [1090, 405], [1090, 476], [373, 476]]
島嶼觀來悉為佳賞 [[375, 516], [1091, 516], [1091, 590], [375, 590]]
樹草蓊陰於溪畔兮渚浦葭蘆 [[371, 629], [1335, 629], [1335, 707], [371, 707]]
風雲繚渺於海西兮水天浩滉 [[374, 751], [1336, 751], [1336, 816], [374, 816]]
沙烏驚時而翱翔浮葉隨流而蕩漾 [[378, 860], [1583, 860], [1583, 937], [378, 937]]
聞牧笛之長吹來漁歌而遞響 [[384, 975], [1420, 974], [1421, 1053], [385, 1054]]
既佇竿以放懷復思人乎想像 [[377, 1090], [1421, 1089], [1421, 1169], [377, 1169]]
然而 [[376, 1221], [522, 1218], [523, 1280], [377, 1283]]
片帆煙水兩槳滄浪 [[384, 1326], [1093, 1323], [1094, 1403], [385, 1406]]
不知榮富任樂康莊 [[376, 1439], [1094, 1438], [1095, 1514], [377, 1516]]
宜浮游於天外兮恒出沒乎汪洋 [[376, 1551], [1419, 1549], [1420, 1629], [377, 1630]]
既飄零於漁泊兮期棲息乎淮江 [[378, 1663], [1419, 1662], [1420, 1748], [379, 1749]]
已多情於張子兮將有意於嚴光 [[380, 1781], [1420, 1780], [1421, 1860], [381, 1861]]
慕季扎之尚清徽兮緬夷之事溟茫 [[375, 1892], [1584, 1891], [1585, 1975], [376, 1976]]
復知 [[370, 2025], [528, 2024], [529, 2091], [371, 2092]]
引任公之釣兮宜乎舒捲 [[381, 2127], [1181, 2124], [1182, 2204], [382, 2205]]
浮仲由之桴兮允矣行藏 [[376, 2242], [1177, 2239], [1178, 2320], [377, 2321]]
繫此生於南海樂造物乎前程 [[370, 2351], [1419, 2348], [1420, 2438], [371, 2439]]
