浮觴潘岳更何如 [[680, 243], [1228, 242], [1228, 315], [680, 315]]
鼓行晚泊昌江岸 [[672, 356], [1228, 355], [1229, 427], [673, 428]]
梅點桃粧春滿眼 [[677, 471], [1235, 468], [1236, 545], [678, 546]]
札候開書踵舊規 [[685, 587], [1238, 586], [1239, 660], [686, 661]]
旁詢村舍營新館 [[688, 703], [1235, 702], [1236, 778], [689, 779]]
舒亭安歇奉慈闈 [[682, 815], [1234, 814], [1235, 893], [683, 895]]
視膳稱觴捧玉梔 [[688, 934], [1242, 933], [1243, 1008], [689, 1009]]
原隰雖然含草草 [[696, 1050], [1246, 1047], [1248, 1127], [698, 1129]]
戾明猶可慰夔夔 [[693, 1163], [1244, 1162], [1245, 1240], [694, 1242]]
居諸纔度春三月 [[696, 1282], [1241, 1279], [1242, 1356], [697, 1358]]
矢赴郵筒星詣闕 [[695, 1394], [1244, 1390], [1246, 1470], [697, 1472]]
啟鑰分明報日期 [[700, 1511], [1252, 1507], [1254, 1585], [702, 1587]]
行裝收拾需臨發 [[701, 1625], [1259, 1623], [1260, 1697], [702, 1700]]
詁朝拜别即歸來 [[704, 1736], [1255, 1731], [1257, 1817], [706, 1819]]
天北天南悵幾回 [[702, 1854], [1256, 1852], [1258, 1934], [704, 1936]]
碧草綠波重鄭重 [[706, 1967], [1259, 1964], [1260, 2045], [707, 2048]]
紫荷青柳數徘徊 [[706, 2081], [1263, 2076], [1265, 2163], [708, 2165]]
巷頭顧我秋顏現 [[706, 2200], [1265, 2199], [1267, 2276], [708, 2278]]
提耳諄諄休戀戀 [[708, 2311], [1262, 2308], [1264, 2387], [710, 2389]]
