詠文廟詩 [[760, 401], [1156, 398], [1158, 493], [762, 496]]
其二 [[888, 552], [1044, 547], [1046, 615], [890, 620]]
周流浩蕩際蟠中 [[641, 654], [1208, 652], [1211, 747], [644, 750]]
大道夕開海宇崇 [[647, 774], [1214, 771], [1217, 859], [650, 865]]
貫徹渾無今昔異 [[653, 892], [1220, 890], [1222, 976], [656, 982]]
貞明常與日星同 [[671, 1010], [1222, 1008], [1225, 1094], [674, 1099]]
熙熙物象生成德 [[664, 1128], [1235, 1125], [1237, 1214], [667, 1217]]
潑潑鳶魚教育功 [[664, 1246], [1237, 1244], [1239, 1328], [666, 1331]]
端謁載憑親視禮 [[674, 1364], [1242, 1362], [1244, 1443], [676, 1445]]
泰山喬岳挹高風 [[673, 1477], [1255, 1474], [1257, 1562], [676, 1567]]
